+------------------------------+------+---------------------------------------------------------------------------------------------------------------------------------------------------------------------------------------+
| name                         | l    | n_values                                                                                                                                                                              |
+------------------------------+------+---------------------------------------------------------------------------------------------------------------------------------------------------------------------------------------+
| Calcium monohydride cation   | NULL | NULL                                                                                                                                                                                  |
| Calcium monohydride cation   |    0 | 0,1,2,3,4,5,6,7,8,9,10,11,12,13,14,15,16,17,18,19,20,21,22,23,24,25,26,27,28,29,30,31,32,33,34,35,36,37,38,39,40,41,42,43,44,45,46,47,48,49,50,51,52,53,54,55,56,57,58,59,60,61,62,63 |
| Calcium monohydride cation   |    1 | 0,1,2,3,4,5,6,7,8,9,10,11,12,13,14,15,16,17,18,19,20,21,22,23,24,25,26,27,28,29,30,31,32,33,34,35,36,37,38,39,40,41,42,43,44,45,46,47,48,49,50,51,52,53,54,55,56,57,58,59,60          |
| Calcium monohydride cation   |    2 | 0,1,2,3,4,5,6,7,8,9,10,11,12,13,14,15,16,17,18,19,20,21,22,23,24,25,26,27,28,29,30,31,32,33,34,35,36,37,38,39,40,41,42,43,44,45,46,47,48,49,50,51,52,53,54,55,56,57,58                |
| Calcium monohydride cation   |    3 | 0,1,2,3,4,5,6,7,8,9,10,11,12,13,14,15,16,17,18,19,20,21,22,23,24,25,26,27,28,29,30,31,32,33,34,35,36,37,38,39,40,41,42,43,44,45,46,47,48,49,50,51,52,53,54,55                         |
| Calcium monohydride cation   |    4 | 0,1,2,3,4,5,6,7,8,9,10,11,12,13,14,15,16,17,18,19,20,21,22,23,24,25,26,27,28,29,30,31,32,33,34,35,36,37,38,39,40,41,42,43,44,45,46,47,48,49,50,51,52,53                               |
| Calcium monohydride cation   |    5 | 0,1,2,3,4,5,6,7,8,9,10,11,12,13,14,15,16,17,18,19,20,21,22,23,24,25,26,27,28,29,30,31,32,33,34,35,36,37,38,39,40,41,42,43,44,45,46,47,48,49,50                                        |
| Calcium monohydride cation   |    6 | 0,1,2,3,4,5,6,7,8,9,10,11,12,13,14,15,16,17,18,19,20,21,22,23,24,25,26,27,28,29,30,31,32,33,34,35,36,37,38,39,40,41,42,43,44,45,46,47,48                                              |
| Calcium monohydride cation   |    7 | 0,1,2,3,4,5,6,7,8,9,10,11,12,13,14,15,16,17,18,19,20,21,22,23,24,25,26,27,28,29,30,31,32,33,34,35,36,37,38,39,40,41,42,43,44,45                                                       |
| Calcium monohydride cation   |    8 | 0,1,2,3,4,5,6,7,8,9,10,11,12,13,14,15,16,17,18,19,20,21,22,23,24,25,26,27,28,29,30,31,32,33,34,35,36,37,38,39,40,41,42                                                                |
| Calcium monohydride cation   |    9 | 0,1,2,3,4,5,6,7,8,9,10,11,12,13,14,15,16,17,18,19,20,21,22,23,24,25,26,27,28,29,30,31,32,33,34,35,36,37,38,39                                                                         |
| Calcium monohydride cation   |   10 | 0,1,2,3,4,5,6,7,8,9,10,11,12,13,14,15,16,17,18,19,20,21,22,23,24,25,26,27,28,29,30,31,32,33,34,35,36                                                                                  |
| Calcium monohydride cation   |   11 | 0,1,2,3,4,5,6,7,8,9,10,11,12,13,14,15,16,17,18,19,20,21,22,23,24,25,26,27,28,29,30,31,32,33                                                                                           |
| Calcium monohydride cation   |   12 | 0,1,2,3,4,5,6,7,8,9,10,11,12,13,14,15,16,17,18,19,20,21,22,23,24,25,26,27,28,29,30                                                                                                    |
| Calcium monohydride cation   |   13 | 0,1,2,3,4,5,6,7,8,9,10,11,12,13,14,15,16,17,18,19,20,21,22,23,24,25,26                                                                                                                |
| Calcium monohydride cation   |   14 | 0,1,2,3,4,5,6,7,8,9,10,11,12,13,14,15,16,17,18,19,20,21,22,23                                                                                                                         |
| Calcium monohydride cation   |   15 | 0,1,2,3,4,5,6,7,8,9,10,11,12,13,14,15,16,17,18,19                                                                                                                                     |
| Calcium monohydride cation   |   16 | 0,1,2,3,4,5,6,7,8,9,10,11,12,13,14                                                                                                                                                    |
| Calcium monohydride cation   |   17 | 0,1,2,3,4,5,6,7,8                                                                                                                                                                     |
| Calcium monohydride cation   |   18 | 0,1,2,3,4,5                                                                                                                                                                           |
| Helium hydride cation        | NULL | NULL                                                                                                                                                                                  |
| Helium hydride cation        |    0 | 0,1,2,3,4,5,6,7,8,9,10,11,12,13,14,15,16,17,18,19,20,21,22,23                                                                                                                         |
| Helium hydride cation        |    1 | 0,1,2,3,4,5,6,7,8,9,10,11,12,13,14,15,16,17,18,19,20,21                                                                                                                               |
| Helium hydride cation        |    2 | 0,1,2,3,4,5,6,7,8,9,10,11,12,13,14,15,16,17,18,19,20                                                                                                                                  |
| Helium hydride cation        |    3 | 0,1,2,3,4,5,6,7,8,9,10,11,12,13,14,15,16,17,18                                                                                                                                        |
| Helium hydride cation        |    4 | 0,1,2,3,4,5,6,7,8,9,10,11,12,13,14,15,16                                                                                                                                              |
| Helium hydride cation        |    5 | 0,1,2,3,4,5,6,7,8,9,10,11,12,13,14                                                                                                                                                    |
| Helium hydride cation        |    6 | 0,1,2,3,4,5,6,7,8,9,10,11,12                                                                                                                                                          |
| Helium hydride cation        |    7 | 0,1,2,3,4,5,6,7,8,9                                                                                                                                                                   |
| Helium hydride cation        |    8 | 0,1,2,3,4,5,6,7                                                                                                                                                                       |
| Helium hydride cation        |    9 | 0,1,2,3,4,5                                                                                                                                                                           |
| Helium hydride cation        |   10 | 0,1,2,3                                                                                                                                                                               |
| Helium hydride cation        |   11 | 0,1                                                                                                                                                                                   |
| Helium molecular ion         | NULL | NULL                                                                                                                                                                                  |
| Helium molecular ion         |    0 | 0,1,2,3,4,5,6,7,8,9,10,11,12,13,14,15,16,17,18,19,20,21,22,23,24,25,26,27,28,29,30,31,32,33,34,35,36,37,38,39,40,41,42,43,44,45,46,47,48,49,50,51,52,53,54,55,56,57,58                |
| Helium molecular ion         |    1 | 0,1,2,3,4,5,6,7,8,9,10,11,12,13,14,15,16,17,18,19,20,21,22,23,24,25,26,27,28,29,30,31,32,33,34,35,36,37,38,39,40,41,42,43,44,45,46,47,48,49,50,51,52,53,54,55,56                      |
| Helium molecular ion         |    2 | 0,1,2,3,4,5,6,7,8,9,10,11,12,13,14,15,16,17,18,19,20,21,22,23,24,25,26,27,28,29,30,31,32,33,34,35,36,37,38,39,40,41,42,43,44,45,46,47,48,49,50,51,52,53,54                            |
| Helium molecular ion         |    3 | 0,1,2,3,4,5,6,7,8,9,10,11,12,13,14,15,16,17,18,19,20,21,22,23,24,25,26,27,28,29,30,31,32,33,34,35,36,37,38,39,40,41,42,43,44,45,46,47,48,49,50,51,52,53                               |
| Helium molecular ion         |    4 | 0,1,2,3,4,5,6,7,8,9,10,11,12,13,14,15,16,17,18,19,20,21,22,23,24,25,26,27,28,29,30,31,32,33,34,35,36,37,38,39,40,41,42,43,44,45,46,47,48,49,50,51                                     |
| Helium molecular ion         |    5 | 0,1,2,3,4,5,6,7,8,9,10,11,12,13,14,15,16,17,18,19,20,21,22,23,24,25,26,27,28,29,30,31,32,33,34,35,36,37,38,39,40,41,42,43,44,45,46,47,48,49                                           |
| Helium molecular ion         |    6 | 0,1,2,3,4,5,6,7,8,9,10,11,12,13,14,15,16,17,18,19,20,21,22,23,24,25,26,27,28,29,30,31,32,33,34,35,36,37,38,39,40,41,42,43,44,45,46,47                                                 |
| Helium molecular ion         |    7 | 0,1,2,3,4,5,6,7,8,9,10,11,12,13,14,15,16,17,18,19,20,21,22,23,24,25,26,27,28,29,30,31,32,33,34,35,36,37,38,39,40,41,42,43,44,45                                                       |
| Helium molecular ion         |    8 | 0,1,2,3,4,5,6,7,8,9,10,11,12,13,14,15,16,17,18,19,20,21,22,23,24,25,26,27,28,29,30,31,32,33,34,35,36,37,38,39,40,41,42,43                                                             |
| Helium molecular ion         |    9 | 0,1,2,3,4,5,6,7,8,9,10,11,12,13,14,15,16,17,18,19,20,21,22,23,24,25,26,27,28,29,30,31,32,33,34,35,36,37,38,39,40,41                                                                   |
| Helium molecular ion         |   10 | 0,1,2,3,4,5,6,7,8,9,10,11,12,13,14,15,16,17,18,19,20,21,22,23,24,25,26,27,28,29,30,31,32,33,34,35,36,37,38,39                                                                         |
| Helium molecular ion         |   11 | 0,1,2,3,4,5,6,7,8,9,10,11,12,13,14,15,16,17,18,19,20,21,22,23,24,25,26,27,28,29,30,31,32,33,34,35,36,37                                                                               |
| Helium molecular ion         |   12 | 0,1,2,3,4,5,6,7,8,9,10,11,12,13,14,15,16,17,18,19,20,21,22,23,24,25,26,27,28,29,30,31,32,33,34                                                                                        |
| Helium molecular ion         |   13 | 0,1,2,3,4,5,6,7,8,9,10,11,12,13,14,15,16,17,18,19,20,21,22,23,24,25,26,27,28,29,30,31,32                                                                                              |
| Helium molecular ion         |   14 | 0,1,2,3,4,5,6,7,8,9,10,11,12,13,14,15,16,17,18,19,20,21,22,23,24,25,26,27,28,29,30                                                                                                    |
| Helium molecular ion         |   15 | 0,1,2,3,4,5,6,7,8,9,10,11,12,13,14,15,16,17,18,19,20,21,22,23,24,25,26,27                                                                                                             |
| Helium molecular ion         |   16 | 0,1,2,3,4,5,6,7,8,9,10,11,12,13,14,15,16,17,18,19,20,21,22,23,24,25                                                                                                                   |
| Helium molecular ion         |   17 | 0,1,2,3,4,5,6,7,8,9,10,11,12,13,14,15,16,17,18,19,20,21,22                                                                                                                            |
| Helium molecular ion         |   18 | 0,1,2,3,4,5,6,7,8,9,10,11,12,13,14,15,16,17,18,19                                                                                                                                     |
| Helium molecular ion         |   19 | 0,1,2,3,4,5,6,7,8,9,10,11,12,13,14,15,16                                                                                                                                              |
| Helium molecular ion         |   20 | 0,1,2,3,4,5,6,7,8,9,10,11,12,13                                                                                                                                                       |
| Helium molecular ion         |   21 | 0,1,2,3,4,5,6,7,8,9                                                                                                                                                                   |
| Helium molecular ion         |   22 | 0,1,2,3,4,5,6                                                                                                                                                                         |
| Helium molecular ion         |   23 | 0,1,2,3                                                                                                                                                                               |
| Hydrogen molecular ion       | NULL | NULL                                                                                                                                                                                  |
| Hydrogen molecular ion       |    0 | 0,1,2,3,4,5,6,7,8,9,10,11,12,13,14,15,16,17,18,19,20,21,22,23,24,25,26,27,28,29,30,31,32,33,34,35                                                                                     |
| Hydrogen molecular ion       |    1 | 0,1,2,3,4,5,6,7,8,9,10,11,12,13,14,15,16,17,18,19,20,21,22,23,24,25,26,27,28,29,30,31,32,33,34                                                                                        |
| Hydrogen molecular ion       |    2 | 0,1,2,3,4,5,6,7,8,9,10,11,12,13,14,15,16,17,18,19,20,21,22,23,24,25,26,27,28,29,30,31,32,33                                                                                           |
| Hydrogen molecular ion       |    3 | 0,1,2,3,4,5,6,7,8,9,10,11,12,13,14,15,16,17,18,19,20,21,22,23,24,25,26,27,28,29,30,31                                                                                                 |
| Hydrogen molecular ion       |    4 | 0,1,2,3,4,5,6,7,8,9,10,11,12,13,14,15,16,17,18,19,20,21,22,23,24,25,26,27,28,29,30                                                                                                    |
| Hydrogen molecular ion       |    5 | 0,1,2,3,4,5,6,7,8,9,10,11,12,13,14,15,16,17,18,19,20,21,22,23,24,25,26,27,28                                                                                                          |
| Hydrogen molecular ion       |    6 | 0,1,2,3,4,5,6,7,8,9,10,11,12,13,14,15,16,17,18,19,20,21,22,23,24,25,26,27                                                                                                             |
| Hydrogen molecular ion       |    7 | 0,1,2,3,4,5,6,7,8,9,10,11,12,13,14,15,16,17,18,19,20,21,22,23,24,25                                                                                                                   |
| Hydrogen molecular ion       |    8 | 0,1,2,3,4,5,6,7,8,9,10,11,12,13,14,15,16,17,18,19,20,21,22,23,24                                                                                                                      |
| Hydrogen molecular ion       |    9 | 0,1,2,3,4,5,6,7,8,9,10,11,12,13,14,15,16,17,18,19,20,21,22                                                                                                                            |
| Hydrogen molecular ion       |   10 | 0,1,2,3,4,5,6,7,8,9,10,11,12,13,14,15,16,17,18,19,20                                                                                                                                  |
| Hydrogen molecular ion       |   11 | 0,1,2,3,4,5,6,7,8,9,10,11,12,13,14,15,16,17,18,19                                                                                                                                     |
| Hydrogen molecular ion       |   12 | 0,1,2,3,4,5,6,7,8,9,10,11,12,13,14,15,16,17                                                                                                                                           |
| Hydrogen molecular ion       |   13 | 0,1,2,3,4,5,6,7,8,9,10,11,12,13,14,15                                                                                                                                                 |
| Hydrogen molecular ion       |   14 | 0,1,2,3,4,5,6,7,8,9,10,11,12,13                                                                                                                                                       |
| Hydrogen molecular ion       |   15 | 0,1,2,3,4,5,6,7,8,9,10,11                                                                                                                                                             |
| Hydrogen molecular ion       |   16 | 0,1,2,3,4,5,6,7,8,9                                                                                                                                                                   |
| Hydrogen molecular ion       |   17 | 0,1,2,3,4,5,6                                                                                                                                                                         |
| Hydrogen molecular ion       |   18 | 0,1,2,3                                                                                                                                                                               |
| Hydrogen molecular ion       |   19 | 0,1                                                                                                                                                                                   |
| Lithium hydride cation       | NULL | NULL                                                                                                                                                                                  |
| Lithium hydride cation       |    0 | 0,1,2,3,4,5,6,7,8,9,10,11,12,13,14,15                                                                                                                                                 |
| Lithium hydride cation       |    1 | 0,1,2,3,4,5,6,7,8,9,10,11,12,13                                                                                                                                                       |
| Lithium hydride cation       |    2 | 0,1,2,3,4,5,6,7,8,9,10                                                                                                                                                                |
| Lithium hydride cation       |    3 | 0,1,2,3,4,5,6,7,8                                                                                                                                                                     |
| Lithium hydride cation       |    4 | 0,1,2,3,4,5                                                                                                                                                                           |
| Lithium hydride cation       |    5 | 0,1,2,3                                                                                                                                                                               |
| Magnesium monohydride cation | NULL | NULL                                                                                                                                                                                  |
| Magnesium monohydride cation |    0 | 0,1,2,3,4,5,6,7,8,9,10,11,12,13,14,15,16,17,18,19,20,21,22,23,24,25,26,27,28,29,30,31,32,33,34,35,36,37,38,39,40,41,42,43,44,45,46,47,48,49,50,51,52,53,54                            |
| Magnesium monohydride cation |    1 | 0,1,2,3,4,5,6,7,8,9,10,11,12,13,14,15,16,17,18,19,20,21,22,23,24,25,26,27,28,29,30,31,32,33,34,35,36,37,38,39,40,41,42,43,44,45,46,47,48,49,50,51,52                                  |
| Magnesium monohydride cation |    2 | 0,1,2,3,4,5,6,7,8,9,10,11,12,13,14,15,16,17,18,19,20,21,22,23,24,25,26,27,28,29,30,31,32,33,34,35,36,37,38,39,40,41,42,43,44,45,46,47,48,49,50                                        |
| Magnesium monohydride cation |    3 | 0,1,2,3,4,5,6,7,8,9,10,11,12,13,14,15,16,17,18,19,20,21,22,23,24,25,26,27,28,29,30,31,32,33,34,35,36,37,38,39,40,41,42,43,44,45,46,47                                                 |
| Magnesium monohydride cation |    4 | 0,1,2,3,4,5,6,7,8,9,10,11,12,13,14,15,16,17,18,19,20,21,22,23,24,25,26,27,28,29,30,31,32,33,34,35,36,37,38,39,40,41,42,43,44,45                                                       |
| Magnesium monohydride cation |    5 | 0,1,2,3,4,5,6,7,8,9,10,11,12,13,14,15,16,17,18,19,20,21,22,23,24,25,26,27,28,29,30,31,32,33,34,35,36,37,38,39,40,41,42,43                                                             |
| Magnesium monohydride cation |    6 | 0,1,2,3,4,5,6,7,8,9,10,11,12,13,14,15,16,17,18,19,20,21,22,23,24,25,26,27,28,29,30,31,32,33,34,35,36,37,38,39,40                                                                      |
| Magnesium monohydride cation |    7 | 0,1,2,3,4,5,6,7,8,9,10,11,12,13,14,15,16,17,18,19,20,21,22,23,24,25,26,27,28,29,30,31,32,33,34,35,36,37                                                                               |
| Magnesium monohydride cation |    8 | 0,1,2,3,4,5,6,7,8,9,10,11,12,13,14,15,16,17,18,19,20,21,22,23,24,25,26,27,28,29,30,31,32,33,34,35                                                                                     |
| Magnesium monohydride cation |    9 | 0,1,2,3,4,5,6,7,8,9,10,11,12,13,14,15,16,17,18,19,20,21,22,23,24,25,26,27,28,29,30,31,32                                                                                              |
| Magnesium monohydride cation |   10 | 0,1,2,3,4,5,6,7,8,9,10,11,12,13,14,15,16,17,18,19,20,21,22,23,24,25,26,27,28,29                                                                                                       |
| Magnesium monohydride cation |   11 | 0,1,2,3,4,5,6,7,8,9,10,11,12,13,14,15,16,17,18,19,20,21,22,23,24,25,26                                                                                                                |
| Magnesium monohydride cation |   12 | 0,1,2,3,4,5,6,7,8,9,10,11,12,13,14,15,16,17,18,19,20,21,22                                                                                                                            |
| Magnesium monohydride cation |   13 | 0,1,2,3,4,5,6,7,8,9,10,11,12,13,14,15,16,17,18,19                                                                                                                                     |
| Magnesium monohydride cation |   14 | 0,1,2,3,4,5,6,7,8,9,10,11,12,13,14,15,16,17                                                                                                                                           |
| Magnesium monohydride cation |   15 | 0,1,2,3,4,5,6,7,8,9,10,11,12,13,14,15                                                                                                                                                 |
| Magnesium monohydride cation |   16 | 0,1,2,3,4,5,6,7,8,9,10,11,12,13                                                                                                                                                       |
| Magnesium monohydride cation |   17 | 0,1,2,3,4,5,6,7,8,9,10,11,12                                                                                                                                                          |
| Magnesium monohydride cation |   18 | 4,5,6,7,8,9,10,11                                                                                                                                                                     |
| Magnesium monohydride cation |   19 | 4,5,6,7,8,9                                                                                                                                                                           |
| Magnesium monohydride cation |   20 | 4,5,6,7,8                                                                                                                                                                             |
| Magnesium monohydride cation |   21 | 4                                                                                                                                                                                     |
| Sodium hydride cation        | NULL | NULL                                                                                                                                                                                  |
| Sodium hydride cation        |    0 | 0,1,2,3,4,5,6,7,8,9,10,11,12,13,14                                                                                                                                                    |
| Sodium hydride cation        |    1 | 0,1,2,3,4,5,6,7,8,9,10,11                                                                                                                                                             |
| Sodium hydride cation        |    2 | 0,1,2,3,4,5,6,7,8,9                                                                                                                                                                   |
| Sodium hydride cation        |    3 | 0,1,2,3,4,5,6                                                                                                                                                                         |
| Sodium hydride cation        |    4 | 0,1,2,3,4                                                                                                                                                                             |
+------------------------------+------+---------------------------------------------------------------------------------------------------------------------------------------------------------------------------------------+

